9.564529
3.207273
2.786857
7.748414
3.536044
7.638726
4.184274
4.986935
8.195187
2.296952
8.207664
0.737638
7.519440
8.727848
1.001997
4.652684
7.288104
4.595986
3.855929
9.454004
1.501963
8.536407
7.520441
3.492015
5.377286
0.848907
4.813975
0.917770
6.917036
8.507769
0.908807
6.481565
1.715042
3.695664
4.229980
5.251086
1.334390
8.414253
0.238021
9.529577
0.711206
8.445684
0.267215
8.230645
7.173533
1.269213
2.883329
4.461638
5.865199
6.739259
3.915642
7.367162
5.275666
1.436083
0.859177
0.652952
2.284990
5.673151
1.570722
9.202025
4.180920
2.479530
5.683591
5.895962
6.175194
9.913570
1.147048
7.509584
8.327825
1.385069
7.039162
9.039030
9.830753
7.306376
7.269675
7.004287
8.575590
0.153004
1.465925
4.440789
6.892262
5.381567
1.807950
2.167929
6.817651
2.667127
2.820881
9.102641
8.340279
4.391603
8.304667
2.521198
6.871133
3.988257
8.417160
3.046328
3.901828
9.564208
0.555912
2.229652
